Table:	NopsData										
SkiYear	Event	AgeGroup	SortSeq	Base	Adj	RatingMedian	RatingRec	RatingOpen	OverallBase	OverallExp	EventsReqd
16	Slalom	B1	1	1500	0	31	85	0	24	1.162	2	
16	Trick	B1	2	15000	0	350	4090	0	0	0.447	2	
16	Jump	B1	3	1500	0	999	999	0	0	0	2	
16	Slalom	B2	1	1500	0	58.25	104	0	8	1.856	3	
16	Trick	B2	2	15000	0	650	7870	0	0	0.441	3	
16	Jump	B2	3	1500	21.45	45	143	0	0	0.669	3	
16	Slalom	B3	1	1500	0	81.25	117	0	8	3.002	3	
16	Trick	B3	2	15000	0	1350	10430	0	0	0.537	3	
16	Jump	B3	3	1500	28.65	91	191	0	0	1.148	3	
16	Slalom	M1	1	1500	0	85.5	122.5	0	8	3.054	3	
16	Trick	M1	2	15000	0	1000	11070	0	0	0.457	3	
16	Jump	M1	3	1500	32.7	80	218	0	0	0.805	3	
16	Slalom	M2	1	1500	0	85.5	122	0	8	3.089	3	
16	Trick	M2	2	15000	0	1070	12090	0	0	0.453	3	
16	Jump	M2	3	1500	32.4	105	216	0	0	1.184	3	
16	Slalom	M3	1	1500	0	88.5	115.25	0	8	4.155	3	
16	Trick	M3	2	15000	0	1370	12070	0	0	0.505	3	
16	Jump	M3	3	1500	29.7	87	198	0	0	1.02	3	
16	Slalom	M4	1	1500	0	91	112	0	8	5.286	3	
16	Trick	M4	2	15000	0	1100	10420	0	0	0.489	3	
16	Jump	M4	3	1500	26.85	89	179	0	0	1.227	3	
16	Slalom	M5	1	1500	0	88.25	111.5	0	8	4.688	3	
16	Trick	M5	2	15000	0	1490	5490	0	0	0.842	3	
16	Jump	M5	3	1500	23.55	71	157	0	0	1.062	3	
16	Slalom	M6	1	1500	0	84.5	109	0	8	4.296	3	
16	Trick	M6	2	15000	0	1590	4830	0	0	0.989	3	
16	Jump	M6	3	1500	21.45	74	143	0	0	1.31	3	
16	Slalom	M7	1	1500	0	78.5	100.5	0	8	4.404	3	
16	Trick	M7	2	15000	0	1090	3750	0	0	0.889	3	
16	Jump	M7	3	1500	16.8	60	112	0	0	1.39	3	
16	Slalom	M8	1	1500	0	75.25	91.5	0	8	5.536	2	
16	Trick	M8	2	15000	0	870	2760	0	0	0.952	2	
16	Jump	M8	3	1500	14.4	36	96	0	0	0.827	2	
16	Slalom	M9	1	1500	0	72	86	0	8	6.066	2	
16	Trick	M9	2	15000	0	650	1740	0	0	1.116	2	
16	Jump	M9	3	1500	14.7	31	98	0	0	0.673	2	
16	Slalom	MA	1	1500	0	38	73.5	0	8	1.564	2	
16	Trick	MA	2	15000	0	450	1600	0	0	0.866	2	
16	Jump	MA	3	1500	7.05	27	47	0	0	1.582	2	
16	Slalom	MB	1	1500	0	30	38	0	8	4.057	2	
16	Trick	MB	2	15000	0	480	1050	0	0	1.404	2	
16	Jump	MB	3	1500	3.3	13	22	0	0	1.674	2	
16	Slalom	G1	1	1500	0	12.25	80	0	40	0.639	2	
16	Trick	G1	2	15000	0	120	5340	0	0	0.289	2	
16	Jump	G1	3	1500	149.85	999	999	0	0	0	2	
16	Slalom	G2	1	1500	0	53	98	0	8	1.738	3	
16	Trick	G2	2	15000	0	700	7170	0	0	0.472	3	
16	Jump	G2	3	1500	18	41	120	0	0	0.738	3	
16	Slalom	G3	1	1500	0	76	103	0	8	3.577	3	
16	Trick	G3	2	15000	0	1770	9880	0	0	0.639	3	
16	Jump	G3	3	1500	23.1	56	154	0	0	0.796	3	
16	Slalom	W1	1	1500	0	63	109	0	8	1.972	3	
16	Trick	W1	2	15000	0	670	10460	0	0	0.4	3	
16	Jump	W1	3	1500	23.55	49	157	0	0	0.663	3	
16	Slalom	W2	1	1500	0	70.5	111.25	0	8	2.383	3	
16	Trick	W2	2	15000	0	1040	8990	0	0	0.509	3	
16	Jump	W2	3	1500	23.7	68	158	0	0	0.991	3	
16	Slalom	W3	1	1500	0	75	109	0	8	2.913	3	
16	Trick	W3	2	15000	0	1890	6450	0	0	0.895	3	
16	Jump	W3	3	1500	23.25	65	155	0	0	0.956	3	
16	Slalom	W4	1	1500	0	65.5	100.5	0	8	2.523	3	
16	Trick	W4	2	15000	0	1150	5600	0	0	0.694	3	
16	Jump	W4	3	1500	19.95	47	133	0	0	0.768	3	
16	Slalom	W5	1	1500	0	70	96.5	0	8	3.368	3	
16	Trick	W5	2	15000	0	1600	5060	0	0	0.954	3	
16	Jump	W5	3	1500	16.2	46	108	0	0	0.976	3	
16	Slalom	W6	1	1500	0	70	89	0	8	4.489	3	
16	Trick	W6	2	15000	0	1290	3780	0	0	1.022	3	
16	Jump	W6	3	1500	14.25	50	95	0	0	1.348	3	
16	Slalom	W7	1	1500	0	65	80	0	8	5.152	3	
16	Trick	W7	2	15000	0	1200	3330	0	0	1.076	3	
16	Jump	W7	3	1500	10.35	39	69	0	0	1.533	3	
16	Slalom	W8	1	1500	0	60	75.5	0	8	4.625	2	
16	Trick	W8	2	15000	0	270	2270	0	0	0.516	2	
16	Jump	W8	3	1500	8.55	36	57	0	0	1.934	2	
16	Slalom	W9	1	1500	0	57.25	68	0	8	6.129	2	
16	Trick	W9	2	15000	0	660	1670	0	0	1.183	2	
16	Jump	W9	3	1500	6.75	32	45	0	0	2.645	2	
16	Slalom	WA	1	1500	0	40	56	0	8	3.026	2	
16	Trick	WA	2	15000	0	880	1220	0	0	3.363	2	
16	Jump	WA	3	1500	4.8	29	32	0	0	9.401	2	
16	Slalom	WB	1	1500	0	30	40	0	8	3.351	2	
16	Trick	WB	2	15000	0	600	1120	0	0	1.76	2	
16	Jump	WB	3	1500	4.8	27	32	0	0	5.409	2	
16	Slalom	OM	1	1500	0	88.5	122.5	0	8	3.382	3	
16	Trick	OM	2	15000	0	1100	12090	0	0	0.458	3	
16	Jump	OM	3	1500	37.5	110	250	0	0	1.022	3	
16	Slalom	OW	1	1500	0	72	111.25	0	8	2.501	3	
16	Trick	OW	2	15000	0	1000	10460	0	0	0.468	3	
16	Jump	OW	3	1500	27.6	74	184	0	0	0.904	3	
16	Slalom	MM	1	1500	0	90.5	115.25	0	8	4.543	3	
16	Trick	MM	2	15000	0	1200	11570	0	0	0.485	3	
16	Jump	MM	3	1500	32.25	109	215	0	0	1.266	3	
16	Slalom	MW	1	1500	0	70	109	0	8	2.453	3	
16	Trick	MW	2	15000	0	1100	6450	0	0	0.621	3	
16	Jump	MW	3	1500	23.25	66	155	0	0	0.976	3	
16	Slalom	NM	1	1500	0	85.5	122.5	0	8	3.054	3	
16	Trick	NM	2	15000	0	1000	11070	0	0	0.457	3	
16	Jump	NM	3	1500	32.7	80	218	0	0	0.805	3	
16	Slalom	NW	1	1500	0	63	109	0	8	1.972	3	
16	Trick	NW	2	15000	0	670	10460	0	0	0.4	3	
16	Jump	NW	3	1500	23.55	49	157	0	0	0.663	3	
16	Slalom	CM	1	1500	0	85.5	122.5	0	8	3.054	3	
16	Trick	CM	2	15000	0	1000	11070	0	0	0.457	3	
16	Jump	CM	3	1500	32.7	80	218	0	0	0.805	3	
16	Slalom	CW	1	1500	0	63	109	0	8	1.972	3	
16	Trick	CW	2	15000	0	670	10460	0	0	0.4	3	
16	Jump	CW	3	1500	23.55	49	157	0	0	0.663	3	
16	Slalom	BM	1	1500	0	85.5	122.5	0	8	3.054	3	
16	Trick	BM	2	15000	0	1000	11070	0	0	0.457	3	
16	Jump	BM	3	1500	32.7	80	218	0	0	0.805	3	
16	Slalom	BW	1	1500	0	63	109	0	8	1.972	3	
16	Trick	BW	2	15000	0	670	10460	0	0	0.4	3	
16	Jump	BW	3	1500	23.55	49	157	0	0	0.663	3	
16	Slalom	IM	1	1500	0	0	74.5	0	0	0	3	
16	Trick	IM	2	15000	0	0	12570	0	0	0	3	
16	Jump	IM	3	1500	37.05	0	76.3	0	0	0	3	
16	Slalom	IW	1	1500	0	0	69.25	0	0	0	0	
16	Trick	IW	2	15000	0	0	10460	0	0	0	0	
16	Jump	IW	3	1500	26.4	0	58.6	0	0	0	0	
16	Slalom	JM	1	1500	0	0	0	0	0	0	3	
16	Trick	JM	2	15000	0	0	0	0	0	0	3	
16	Jump	JM	3	1500	37.05	0	0	0	0	0	3	
16	Slalom	JW	1	1500	0	0	0	0	0	0	0	
16	Trick	JW	2	15000	0	0	0	0	0	0	0	
16	Jump	JW	3	1500	26.4	0	0	0	0	0	0	
16	Slalom	IB	1	1500	0	0	0	0	0	0	3	
16	Trick	IB	2	15000	0	0	0	0	0	0	3	
16	Jump	IB	3	1500	28.65	0	0	0	0	0	3	
16	Slalom	IG	1	1500	0	0	0	0	0	0	3	
16	Trick	IG	2	15000	0	0	0	0	0	0	3	
16	Jump	IG	3	1500	23.1	0	0	0	0	0	3	
16	Slalom	JB	1	1500	0	0	0	0	0	0	3	
16	Trick	JB	2	15000	0	0	0	0	0	0	3	
16	Jump	JB	3	1500	19.65	0	0	0	0	0	3	
16	Slalom	JG	1	1500	0	0	0	0	0	0	3	
16	Trick	JG	2	15000	0	0	0	0	0	0	3	
16	Jump	JG	3	1500	18	0	0	0	0	0	3	
16	Slalom	S1	1	1500	0	0	0	0	0	0	3	
16	Trick	S1	2	15000	0	0	0	0	0	0	3	
16	Jump	S1	3	1500	31.35	0	0	0	0	0	3	
16	Slalom	S2	1	1500	0	0	0	0	0	0	3	
16	Trick	S2	2	15000	0	0	0	0	0	0	3	
16	Jump	S2	3	1500	26.85	0	0	0	0	0	3	
16	Slalom	S3	1	1500	0	0	0	0	0	0	3	
16	Trick	S3	2	15000	0	0	0	0	0	0	3	
16	Jump	S3	3	1500	22.8	0	0	0	0	0	3	
16	Slalom	S4	1	1500	0	0	0	0	0	0	3	
16	Trick	S4	2	15000	0	0	0	0	0	0	3	
16	Jump	S4	3	1500	23.25	0	0	0	0	0	3	
16	Slalom	L1	1	1500	0	0	0	0	0	0	3	
16	Trick	L1	2	15000	0	0	0	0	0	0	3	
16	Jump	L1	3	1500	18.3	0	0	0	0	0	3	
16	Slalom	L2	1	1500	0	0	0	0	0	0	3	
16	Trick	L2	2	15000	0	0	0	0	0	0	3	
16	Jump	L2	3	1500	16.05	0	0	0	0	0	3	
16	Slalom	L3	1	1500	0	0	0	0	0	0	3	
16	Trick	L3	2	15000	0	0	0	0	0	0	3	
16	Jump	L3	3	1500	16.05	0	0	0	0	0	3	
16	Slalom	L4	1	1500	0	0	0	0	0	0	3	
16	Trick	L4	2	15000	0	0	0	0	0	0	3	
16	Jump	L4	3	1500	16.05	0	0	0	0	0	3	
15	Slalom	B1	1	1500	0	26	81	0	24	1.012	2
15	Trick	B1	2	15000	0	350	4090	0	0	0.447	2
15	Jump	B1	3	1500	0	999	999	0	0	0	2
15	Slalom	B2	1	1500	0	58	104	0	8	1.842	3
15	Trick	B2	2	15000	0	800	7870	0	0	0.481	3
15	Jump	B2	3	1500	21.45	49	143	0	0	0.74	3
15	Slalom	B3	1	1500	0	76.5	115.5	0	8	2.65	3
15	Trick	B3	2	15000	0	1550	10460	0	0	0.575	3
15	Jump	B3	3	1500	28.65	97	191	0	0	1.27	3
15	Slalom	M1	1	1500	0	77.5	121	0	8	2.456	3
15	Trick	M1	2	15000	0	700	11070	0	0	0.398	3
15	Jump	M1	3	1500	31.35	84	209	0	0	0.903	3
15	Slalom	M2	1	1500	0	88	122	0	8	3.364	3
15	Trick	M2	2	15000	0	1000	12090	0	0	0.441	3
15	Jump	M2	3	1500	32.4	108	216	0	0	1.238	3
15	Slalom	M3	1	1500	0	85.5	112.25	0	8	4.024	3
15	Trick	M3	2	15000	0	1500	12070	0	0	0.527	3
15	Jump	M3	3	1500	29.7	91	198	0	0	1.088	3
15	Slalom	M4	1	1500	0	90.5	112	0	8	5.148	3
15	Trick	M4	2	15000	0	1200	10420	0	0	0.508	3
15	Jump	M4	3	1500	26.85	101	179	0	0	1.528	3
15	Slalom	M5	1	1500	0	87.5	110	0	8	4.787	3
15	Trick	M5	2	15000	0	1500	5490	0	0	0.847	3
15	Jump	M5	3	1500	23.4	71	156	0	0	1.072	3
15	Slalom	M6	1	1500	0	81	107	0	8	3.921	3
15	Trick	M6	2	15000	0	1350	4050	0	0	1	3
15	Jump	M6	3	1500	21.45	69	143	0	0	1.171	3
15	Slalom	M7	1	1500	0	79	100	0	8	4.616	3
15	Trick	M7	2	15000	0	1000	3750	0	0	0.831	3
15	Jump	M7	3	1500	16.8	53	112	0	0	1.136	3
15	Slalom	M8	1	1500	0	73	91.5	0	8	4.786	2
15	Trick	M8	2	15000	0	1200	2580	0	0	1.435	2
15	Jump	M8	3	1500	14.4	38	96	0	0	0.886	2
15	Slalom	M9	1	1500	0	67.5	86	0	8	4.437	2
15	Trick	M9	2	15000	0	900	1970	0	0	1.402	2
15	Jump	M9	3	1500	13.2	34	88	0	0	0.858	2
15	Slalom	MA	1	1500	0	30	73.5	0	8	1.129	2
15	Trick	MA	2	15000	0	600	1600	0	0	1.12	2
15	Jump	MA	3	1500	7.05	30	47	0	0	1.982	2
15	Slalom	MB	1	1500	0	25	40	0	8	2.005	2
15	Trick	MB	2	15000	0	500	1260	0	0	1.189	2
15	Jump	MB	3	1500	5.1	21	34	0	0	1.839	2
15	Slalom	G1	1	1500	0	13	80	0	40	0.669	2
15	Trick	G1	2	15000	0	300	5340	0	0	0.382	2
15	Jump	G1	3	1500	149.85	999	999	0	0	0	2
15	Slalom	G2	1	1500	0	53	95	0	8	1.828	3
15	Trick	G2	2	15000	0	700	7660	0	0	0.459	3
15	Jump	G2	3	1500	18	39	120	0	0	0.695	3
15	Slalom	G3	1	1500	0	75	103	0	8	3.426	3
15	Trick	G3	2	15000	0	1700	9880	0	0	0.624	3
15	Jump	G3	3	1500	23.1	56	154	0	0	0.796	3
15	Slalom	W1	1	1500	0	57.5	109	0	8	1.684	3
15	Trick	W1	2	15000	0	600	8930	0	0	0.407	3
15	Jump	W1	3	1500	23.25	45	155	0	0	0.61	3
15	Slalom	W2	1	1500	0	69	111	0	8	2.285	3
15	Trick	W2	2	15000	0	1200	9070	0	0	0.543	3
15	Jump	W2	3	1500	23.7	70	158	0	0	1.032	3
15	Slalom	W3	1	1500	0	74	105	0	8	3.107	3
15	Trick	W3	2	15000	0	1950	6450	0	0	0.918	3
15	Jump	W3	3	1500	23.25	70	155	0	0	1.06	3
15	Slalom	W4	1	1500	0	65	100.5	0	8	2.477	3
15	Trick	W4	2	15000	0	2200	5600	0	0	1.176	3
15	Jump	W4	3	1500	19.65	51	131	0	0	0.867	3
15	Slalom	W5	1	1500	0	69.5	92	0	8	3.848	3
15	Trick	W5	2	15000	0	1500	5160	0	0	0.889	3
15	Jump	W5	3	1500	16.2	48	108	0	0	1.036	3
15	Slalom	W6	1	1500	0	69	89	0	8	4.233	3
15	Trick	W6	2	15000	0	1500	3950	0	0	1.135	3
15	Jump	W6	3	1500	14.4	51	96	0	0	1.37	3
15	Slalom	W7	1	1500	0	62.5	80	0	8	4.325	3
15	Trick	W7	2	15000	0	1250	3330	0	0	1.121	3
15	Jump	W7	3	1500	10.35	36	69	0	0	1.328	3
15	Slalom	W8	1	1500	0	61.5	75.5	0	8	5.188	2
15	Trick	W8	2	15000	0	700	2270	0	0	0.934	2
15	Jump	W8	3	1500	8.55	36	57	0	0	1.934	2
15	Slalom	W9	1	1500	0	53.5	68	0	8	4.381	2
15	Trick	W9	2	15000	0	500	1710	0	0	0.893	2
15	Jump	W9	3	1500	6.75	32	45	0	0	2.645	2
15	Slalom	WA	1	1500	0	37	56	0	8	2.441	2
15	Trick	WA	2	15000	0	400	1370	0	0	0.892	2
15	Jump	WA	3	1500	4.8	29	32	0	0	9.401	2
15	Slalom	WB	1	1500	0	25	40	0	8	2.005	2
15	Trick	WB	2	15000	0	200	600	0	0	1	2
15	Jump	WB	3	1500	4.8	27	32	0	0	5.409	2
15	Slalom	OM	1	1500	0	85	122.5	0	8	3.004	3
15	Trick	OM	2	15000	0	950	12090	0	0	0.432	3
15	Jump	OM	3	1500	37.05	109	247	0	0	1.026	3
15	Slalom	OW	1	1500	0	63.5	111.5	0	8	1.923	3
15	Trick	OW	2	15000	0	850	10180	0	0	0.442	3
15	Jump	OW	3	1500	26.4	66	176	0	0	0.827	3
15	Slalom	MM	1	1500	0	89.5	115.25	0	8	4.342	3
15	Trick	MM	2	15000	0	1300	11570	0	0	0.503	3
15	Jump	MM	3	1500	32.25	115	215	0	0	1.387	3
15	Slalom	NM	1	1500	0	77.5	121	0	8	2.456	3
15	Trick	NM	2	15000	0	700	11070	0	0	0.398	3
15	Jump	NM	3	1500	31.35	84	209	0	0	0.903	3
15	Slalom	NW	1	1500	0	57.5	109	0	8	1.684	3
15	Trick	NW	2	15000	0	600	8930	0	0	0.407	3
15	Jump	NW	3	1500	23.25	45	155	0	0	0.61	3
15	Slalom	CM	1	1500	0	77.5	121	0	8	2.456	3
15	Trick	CM	2	15000	0	700	11070	0	0	0.398	3
15	Jump	CM	3	1500	31.35	84	209	0	0	0.903	3
15	Slalom	CW	1	1500	0	57.5	109	0	8	1.684	3
15	Trick	CW	2	15000	0	600	8930	0	0	0.407	3
15	Jump	CW	3	1500	23.25	45	155	0	0	0.61	3
15	Slalom	BM	1	1500	0	77.5	121	0	8	2.456	3
15	Trick	BM	2	15000	0	700	11070	0	0	0.398	3
15	Jump	BM	3	1500	31.35	84	209	0	0	0.903	3
15	Slalom	BW	1	1500	0	57.5	109	0	8	1.684	3
15	Trick	BW	2	15000	0	600	8930	0	0	0.407	3
15	Jump	BW	3	1500	23.25	45	155	0	0	0.61	3
15	Slalom	IM	1	1500	0	0	74.5	0	0	0	3
15	Trick	IM	2	15000	0	0	12570	0	0	0	3
15	Jump	IM	3	1500	37.05	0	76.3	0	0	0	3
15	Slalom	IW	1	1500	0	0	0	0	0	0	0
15	Trick	IW	2	15000	0	0	0	0	0	0	0
15	Jump	IW	3	1500	26.4	0	0	0	0	0	0
15	Slalom	JM	1	1500	0	0	69.25	0	0	0	3
15	Trick	JM	2	15000	0	0	10460	0	0	0	3
15	Jump	JM	3	1500	37.05	0	58.6	0	0	0	3
15	Slalom	JW	1	1500	0	0	0	0	0	0	0
15	Trick	JW	2	15000	0	0	0	0	0	0	0
15	Jump	JW	3	1500	26.4	0	0	0	0	0	0
15	Slalom	IB	1	1500	0	0	0	0	0	0	3
15	Trick	IB	2	15000	0	0	0	0	0	0	3
15	Jump	IB	3	1500	28.65	0	0	0	0	0	3
15	Slalom	IG	1	1500	0	0	0	0	0	0	3
15	Trick	IG	2	15000	0	0	0	0	0	0	3
15	Jump	IG	3	1500	23.1	0	0	0	0	0	3
15	Slalom	JB	1	1500	0	0	0	0	0	0	3
15	Trick	JB	2	15000	0	0	0	0	0	0	3
15	Jump	JB	3	1500	19.65	0	0	0	0	0	3
15	Slalom	JG	1	1500	0	0	0	0	0	0	3
15	Trick	JG	2	15000	0	0	0	0	0	0	3
15	Jump	JG	3	1500	18	0	0	0	0	0	3
15	Slalom	S1	1	1500	0	0	0	0	0	0	3
15	Trick	S1	2	15000	0	0	0	0	0	0	3
15	Jump	S1	3	1500	31.35	0	0	0	0	0	3
15	Slalom	S2	1	1500	0	0	0	0	0	0	3
15	Trick	S2	2	15000	0	0	0	0	0	0	3
15	Jump	S2	3	1500	26.85	0	0	0	0	0	3
15	Slalom	S3	1	1500	0	0	0	0	0	0	3
15	Trick	S3	2	15000	0	0	0	0	0	0	3
15	Jump	S3	3	1500	22.8	0	0	0	0	0	3
15	Slalom	S4	1	1500	0	0	0	0	0	0	3
15	Trick	S4	2	15000	0	0	0	0	0	0	3
15	Jump	S4	3	1500	23.25	0	0	0	0	0	3
15	Slalom	L1	1	1500	0	0	0	0	0	0	3
15	Trick	L1	2	15000	0	0	0	0	0	0	3
15	Jump	L1	3	1500	18.3	0	0	0	0	0	3
15	Slalom	L2	1	1500	0	0	0	0	0	0	3
15	Trick	L2	2	15000	0	0	0	0	0	0	3
15	Jump	L2	3	1500	16.05	0	0	0	0	0	3
15	Slalom	L3	1	1500	0	0	0	0	0	0	3
15	Trick	L3	2	15000	0	0	0	0	0	0	3
15	Jump	L3	3	1500	16.05	0	0	0	0	0	3
15	Slalom	L4	1	1500	0	0	0	0	0	0	3
15	Trick	L4	2	15000	0	0	0	0	0	0	3
15	Jump	L4	3	1500	16.05	0	0	0	0	0	3
14	Slalom	B1	1	1500	0	24	81	0	24	0.937	2	
14	Trick	B1	2	15000	0	350	4090	0	0	0.447	2	
14	Jump	B1	3	1500	0	999	999	0	0	0	2	
14	Slalom	B2	1	1500	0	56.5	104	0	8	1.76	3	
14	Trick	B2	2	15000	0	850	7870	0	0	0.494	3	
14	Jump	B2	3	1500	21.45	47	143	0	0	0.704	3	
14	Slalom	B3	1	1500	0	74.5	117	0	8	2.418	3	
14	Trick	B3	2	15000	0	1600	10430	0	0	0.586	3	
14	Jump	B3	3	1500	28.65	91	191	0	0	1.148	3	
14	Slalom	M1	1	1500	0	73	121	0	8	2.16	3	
14	Trick	M1	2	15000	0	800	11070	0	0	0.418	3	
14	Jump	M1	3	1500	31.35	87	209	0	0	0.946	3	
14	Slalom	M2	1	1500	0	85	122	0	8	3.038	3	
14	Trick	M2	2	15000	0	1200	12090	0	0	0.476	3	
14	Jump	M2	3	1500	32.4	97	216	0	0	1.052	3	
14	Slalom	M3	1	1500	0	88	111.25	0	8	4.675	3	
14	Trick	M3	2	15000	0	1550	12070	0	0	0.535	3	
14	Jump	M3	3	1500	29.7	113	198	0	0	1.562	3	
14	Slalom	M4	1	1500	0	89.5	113	0	8	4.706	3	
14	Trick	M4	2	15000	0	1250	10420	0	0	0.518	3	
14	Jump	M4	3	1500	26.85	99	179	0	0	1.472	3	
14	Slalom	M5	1	1500	0	87.5	111	0	8	4.606	3	
14	Trick	M5	2	15000	0	1450	5490	0	0	0.825	3	
14	Jump	M5	3	1500	23.4	76	156	0	0	1.188	3	
14	Slalom	M6	1	1500	0	81.5	105.5	0	8	4.228	3	
14	Trick	M6	2	15000	0	1150	3940	0	0	0.892	3	
14	Jump	M6	3	1500	19.35	61	129	0	0	1.135	3	
14	Slalom	M7	1	1500	0	79.5	99.5	0	8	4.849	3	
14	Trick	M7	2	15000	0	1500	3750	0	0	1.199	3	
14	Jump	M7	3	1500	16.8	55	112	0	0	1.203	3	
14	Slalom	M8	1	1500	0	72.5	88.25	0	8	5.49	2	
14	Trick	M8	2	15000	0	1000	2450	0	0	1.226	2	
14	Jump	M8	3	1500	14.1	42	94	0	0	1.044	2	
14	Slalom	M9	1	1500	0	62.5	81.5	0	8	4.026	2	
14	Trick	M9	2	15000	0	700	1740	0	0	1.207	2	
14	Jump	M9	3	1500	13.2	36	88	0	0	0.925	2	
14	Slalom	MA	1	1500	0	30	73.5	0	8	1.129	2	
14	Trick	MA	2	15000	0	500	1600	0	0	0.945	2	
14	Jump	MA	3	1500	7.05	32	47	0	0	2.334	2	
14	Slalom	MB	1	1500	0	30	38	0	8	4.057	2	
14	Trick	MB	2	15000	0	250	1050	0	0	0.766	2	
14	Jump	MB	3	1500	5.1	28	34	0	0	4.721	2	
14	Slalom	G1	1	1500	0	14.5	80	0	40	0.729	2	
14	Trick	G1	2	15000	0	250	5340	0	0	0.359	2	
14	Jump	G1	3	1500	149.85	999	999	0	0	0	2	
14	Slalom	G2	1	1500	0	52	95	0	8	1.768	3	
14	Trick	G2	2	15000	0	650	6790	0	0	0.468	3	
14	Jump	G2	3	1500	18	43	120	0	0	0.781	3	
14	Slalom	G3	1	1500	0	74	100	0	8	3.604	3	
14	Trick	G3	2	15000	0	1650	9230	0	0	0.638	3	
14	Jump	G3	3	1500	23.1	63	154	0	0	0.925	3	
14	Slalom	W1	1	1500	0	57	109	0	8	1.66	3	
14	Trick	W1	2	15000	0	700	8930	0	0	0.431	3	
14	Jump	W1	3	1500	23.25	46	155	0	0	0.626	3	
14	Slalom	W2	1	1500	0	68	111	0	8	2.215	3	
14	Trick	W2	2	15000	0	1300	8990	0	0	0.568	3	
14	Jump	W2	3	1500	23.7	74	158	0	0	1.119	3	
14	Slalom	W3	1	1500	0	69.5	105	0	8	2.628	3	
14	Trick	W3	2	15000	0	1550	6450	0	0	0.771	3	
14	Jump	W3	3	1500	23.25	60	155	0	0	0.86	3	
14	Slalom	W4	1	1500	0	70	100.5	0	8	2.995	3	
14	Trick	W4	2	15000	0	1250	5600	0	0	0.733	3	
14	Jump	W4	3	1500	18.3	55	122	0	0	1.058	3	
14	Slalom	W5	1	1500	0	70.5	92	0	8	4.057	3	
14	Trick	W5	2	15000	0	1050	5060	0	0	0.699	3	
14	Jump	W5	3	1500	16.05	50	107	0	0	1.115	3	
14	Slalom	W6	1	1500	0	64.5	89	0	8	3.336	3	
14	Trick	W6	2	15000	0	1100	3780	0	0	0.89	3	
14	Jump	W6	3	1500	14.25	45	95	0	0	1.138	3	
14	Slalom	W7	1	1500	0	66.5	80	0	8	5.794	3	
14	Trick	W7	2	15000	0	900	3330	0	0	0.84	3	
14	Jump	W7	3	1500	10.35	40	69	0	0	1.611	3	
14	Slalom	W8	1	1500	0	60	75.5	0	8	4.625	2	
14	Trick	W8	2	15000	0	700	2270	0	0	0.934	2	
14	Jump	W8	3	1500	8.55	36	57	0	0	1.934	2	
14	Slalom	W9	1	1500	0	50	65.5	0	8	3.867	2	
14	Trick	W9	2	15000	0	500	1670	0	0	0.911	2	
14	Jump	W9	3	1500	6.75	32	45	0	0	2.645	2	
14	Slalom	WA	1	1500	0	40	56	0	8	3.026	2	
14	Trick	WA	2	15000	0	300	1220	0	0	0.783	2	
14	Jump	WA	3	1500	4.8	29	32	0	0	9.401	2	
14	Slalom	WB	1	1500	0	30	40	0	8	3.351	2	
14	Trick	WB	2	15000	0	200	600	0	0	1	2	
14	Jump	WB	3	1500	4.8	27	32	0	0	5.409	2	
14	Slalom	OM	1	1500	0	85	122	0	8	3.038	3	
14	Trick	OM	2	15000	0	1200	12090	0	0	0.476	3	
14	Jump	OM	3	1500	37.05	109	247	0	0	1.026	3	
14	Slalom	OW	1	1500	0	68	111	0	8	2.215	3	
14	Trick	OW	2	15000	0	1300	9230	0	0	0.56	3	
14	Jump	OW	3	1500	26.4	86	176	0	0	1.194	3	
14	Slalom	MM	1	1500	0	89.5	115.25	0	8	4.342	3	
14	Trick	MM	2	15000	0	1550	11570	0	0	0.547	3	
14	Jump	MM	3	1500	32.25	133	215	0	0	1.845	3	
14	Slalom	NM	1	1500	0	73	121	0	8	2.16	3	
14	Trick	NM	2	15000	0	800	11070	0	0	0.418	3	
14	Jump	NM	3	1500	31.35	87	209	0	0	0.946	3	
14	Slalom	NW	1	1500	0	57	109	0	8	1.66	3	
14	Trick	NW	2	15000	0	700	8930	0	0	0.431	3	
14	Jump	NW	3	1500	23.25	46	155	0	0	0.626	3	
14	Slalom	CM	1	1500	0	73	121	0	8	2.16	3	
14	Trick	CM	2	15000	0	800	11070	0	0	0.418	3	
14	Jump	CM	3	1500	31.35	87	209	0	0	0.946	3	
14	Slalom	CW	1	1500	0	57	109	0	8	1.66	3	
14	Trick	CW	2	15000	0	700	8930	0	0	0.431	3	
14	Jump	CW	3	1500	23.25	46	155	0	0	0.626	3	
14	Slalom	BM	1	1500	0	73	121	0	8	2.16	3	
14	Trick	BM	2	15000	0	800	11070	0	0	0.418	3	
14	Jump	BM	3	1500	31.35	87	209	0	0	0.946	3	
14	Slalom	BW	1	1500	0	57	109	0	8	1.66	3	
14	Trick	BW	2	15000	0	700	8930	0	0	0.431	3	
14	Jump	BW	3	1500	23.25	46	155	0	0	0.626	3	
14	Slalom	IM	1	1500	0	0	74	0	0	0	3	
14	Trick	IM	2	15000	0	0	12070	0	0	0	3	
14	Jump	IM	3	1500	37.05	0	247	0	0	0	3	
14	Slalom	IW	1	1500	0	0	0	67.5	0	0	0	
14	Trick	IW	2	15000	0	0	0	8990	0	0	0	
14	Jump	IW	3	1500	26.4	0	0	176	0	0	0	
14	Slalom	JM	1	1500	0	0	74	0	0	0	3	
14	Trick	JM	2	15000	0	0	12070	0	0	0	3	
14	Jump	JM	3	1500	37.05	0	247	0	0	0	3	
14	Slalom	JW	1	1500	0	0	0	67.5	0	0	0	
14	Trick	JW	2	15000	0	0	0	8990	0	0	0	
14	Jump	JW	3	1500	26.4	0	0	176	0	0	0	
14	Slalom	IB	1	1500	0	0	67.5	0	0	0	3	
14	Trick	IB	2	15000	0	0	10430	0	0	0	3	
14	Jump	IB	3	1500	28.65	0	191	0	0	0	3	
14	Slalom	IG	1	1500	0	0	58	0	0	0	3	
14	Trick	IG	2	15000	0	0	8410	0	0	0	3	
14	Jump	IG	3	1500	23.1	0	154	0	0	0	3	
14	Slalom	JB	1	1500	0	0	68	0	0	0	3	
14	Trick	JB	2	15000	0	0	7870	0	0	0	3	
14	Jump	JB	3	1500	19.65	0	131	0	0	0	3	
14	Slalom	JG	1	1500	0	0	57	0	0	0	3	
14	Trick	JG	2	15000	0	0	6970	0	0	0	3	
14	Jump	JG	3	1500	18	0	120	0	0	0	3	
14	Slalom	S1	1	1500	0	0	69.25	0	0	0	3	
14	Trick	S1	2	15000	0	0	12070	0	0	0	3	
14	Jump	S1	3	1500	31.35	0	209	0	0	0	3	
14	Slalom	S2	1	1500	0	0	69	0	0	0	3	
14	Trick	S2	2	15000	0	0	6110	0	0	0	3	
14	Jump	S2	3	1500	26.85	0	179	0	0	0	3	
14	Slalom	S3	1	1500	0	0	68	0	0	0	3	
14	Trick	S3	2	15000	0	0	5490	0	0	0	3	
14	Jump	S3	3	1500	22.8	0	152	0	0	0	3	
14	Slalom	S4	1	1500	0	0	68	0	0	0	3	
14	Trick	S4	2	15000	0	0	5490	0	0	0	3	
14	Jump	S4	3	1500	23.25	0	152	0	0	0	3	
14	Slalom	L1	1	1500	0	0	61	0	0	0	3	
14	Trick	L1	2	15000	0	0	6450	0	0	0	3	
14	Jump	L1	3	1500	18.3	0	155	0	0	0	3	
14	Slalom	L2	1	1500	0	0	58.5	0	0	0	3	
14	Trick	L2	2	15000	0	0	5600	0	0	0	3	
14	Jump	L2	3	1500	16.05	0	122	0	0	0	3	
14	Slalom	L3	1	1500	0	0	56	0	0	0	3	
14	Trick	L3	2	15000	0	0	5060	0	0	0	3	
14	Jump	L3	3	1500	16.05	0	107	0	0	0	3	
14	Slalom	L4	1	1500	0	0	56	0	0	0	3	
14	Trick	L4	2	15000	0	0	5060	0	0	0	3	
14	Jump	L4	3	1500	16.05	0	107	0	0	0	3	
13	Slalom	B1	1	1500	0	26.5	81	0	24	1.031	2
13	Trick	B1	2	15000	0	480	4090	0	0	0.513	2
13	Jump	B1	3	1500	0	999	999	0	0	0.000	2
13	Slalom	B2	1	1500	0	57.5	104	0	8	1.814	3
13	Trick	B2	2	15000	0	870	7870	0	0	0.499	3
13	Jump	B2	3	1500	21.45	46	143	0	0	0.687	3
13	Slalom	B3	1	1500	0	83	115.5	0	8	3.314	3
13	Trick	B3	2	15000	0	1340	10430	0	0	0.535	3
13	Jump	B3	3	1500	28.65	92	191	0	0	1.167	3
13	Slalom	M1	1	1500	0	77.5	121	0	8	2.456	3
13	Trick	M1	2	15000	0	900	11070	0	0	0.438	3
13	Jump	M1	3	1500	31.35	79	209	0	0	0.835	3
13	Slalom	M2	1	1500	0	83	122	0	8	2.848	3
13	Trick	M2	2	15000	0	1220	12090	0	0	0.479	3
13	Jump	M2	3	1500	32.4	97	216	0	0	1.052	3
13	Slalom	M3	1	1500	0	88	112.25	0	8	4.505	3
13	Trick	M3	2	15000	0	1300	12070	0	0	0.493	3
13	Jump	M3	3	1500	29.7	96	198	0	0	1.179	3
13	Slalom	M4	1	1500	0	89	112	0	8	4.771	3
13	Trick	M4	2	15000	0	1200	10420	0	0	0.508	3
13	Jump	M4	3	1500	26.85	93	179	0	0	1.319	3
13	Slalom	M5	1	1500	0	86.5	110	0	8	4.556	3
13	Trick	M5	2	15000	0	1300	5490	0	0	0.763	3
13	Jump	M5	3	1500	23.4	78	156	0	0	1.238	3
13	Slalom	M6	1	1500	0	82	104.5	0	8	4.500	3
13	Trick	M6	2	15000	0	1250	3940	0	0	0.957	3
13	Jump	M6	3	1500	19.35	63	129	0	0	1.193	3
13	Slalom	M7	1	1500	0	78	95	0	8	5.506	3
13	Trick	M7	2	15000	0	1200	3750	0	0	0.964	3
13	Jump	M7	3	1500	16.8	52	112	0	0	1.104	3
13	Slalom	M8	1	1500	0	70	88.25	0	8	4.652	2
13	Trick	M8	2	15000	0	1100	2450	0	0	1.372	2
13	Jump	M8	3	1500	14.1	42	94	0	0	1.044	2
13	Slalom	M9	1	1500	0	56	81.5	0	8	2.832	2
13	Trick	M9	2	15000	0	750	1740	0	0	1.305	2
13	Jump	M9	3	1500	10.8	36	72	0	0	1.238	2
13	Slalom	MA	1	1500	0	37	73.5	0	8	1.500	2
13	Trick	MA	2	15000	0	500	1600	0	0	0.945	2
13	Jump	MA	3	1500	7.05	30	47	0	0	1.982	2
13	Slalom	MB	1	1500	0	30	40	0	8	3.351	2
13	Trick	MB	2	15000	0	250	600	0	0	1.255	2
13	Jump	MB	3	1500	5.1	24	34	0	0	2.587	2
13	Slalom	G1	1	1500	0	20.5	80	0	40	0.968	2
13	Trick	G1	2	15000	0	350	5340	0	0	0.403	2
13	Jump	G1	3	1500	149.85	999	999	0	0	0.000	2
13	Slalom	G2	1	1500	0	52	93	0	8	1.831	3
13	Trick	G2	2	15000	0	860	6790	0	0	0.532	3
13	Jump	G2	3	1500	18	39	120	0	0	0.695	3
13	Slalom	G3	1	1500	0	74.5	100	0	8	3.688	3
13	Trick	G3	2	15000	0	1350	8990	0	0	0.579	3
13	Jump	G3	3	1500	23.1	63	154	0	0	0.925	3
13	Slalom	W1	1	1500	0	56	109	0	8	1.615	3
13	Trick	W1	2	15000	0	660	8930	0	0	0.422	3
13	Jump	W1	3	1500	23.25	55	155	0	0	0.772	3
13	Slalom	W2	1	1500	0	67	110	0	8	2.187	3
13	Trick	W2	2	15000	0	1150	8990	0	0	0.534	3
13	Jump	W2	3	1500	23.7	59	158	0	0	0.822	3
13	Slalom	W3	1	1500	0	73	105	0	8	2.989	3
13	Trick	W3	2	15000	0	1300	6450	0	0	0.686	3
13	Jump	W3	3	1500	23.25	55	155	0	0	0.772	3
13	Slalom	W4	1	1500	0	70	100.5	0	8	2.995	3
13	Trick	W4	2	15000	0	1300	5600	0	0	0.752	3
13	Jump	W4	3	1500	18.3	50	122	0	0	0.927	3
13	Slalom	W5	1	1500	0	67	92	0	8	3.398	3
13	Trick	W5	2	15000	0	1200	5060	0	0	0.763	3
13	Jump	W5	3	1500	16.05	48	107	0	0	1.050	3
13	Slalom	W6	1	1500	0	63	88	0	8	3.209	3
13	Trick	W6	2	15000	0	1100	3780	0	0	0.890	3
13	Jump	W6	3	1500	12.6	45	84	0	0	1.390	3
13	Slalom	W7	1	1500	0	59	80	0	8	3.496	3
13	Trick	W7	2	15000	0	900	3330	0	0	0.840	3
13	Jump	W7	3	1500	10.35	40	69	0	0	1.611	3
13	Slalom	W8	1	1500	0	55	75.5	0	8	3.339	2
13	Trick	W8	2	15000	0	700	2270	0	0	0.934	2
13	Jump	W8	3	1500	8.55	35	57	0	0	1.815	2
13	Slalom	W9	1	1500	0	45	65.5	0	8	2.763	2
13	Trick	W9	2	15000	0	500	1670	0	0	0.911	2
13	Jump	W9	3	1500	6.75	28	45	0	0	1.869	2
13	Slalom	WA	1	1500	0	35	56	0	8	2.142	2
13	Trick	WA	2	15000	0	300	1220	0	0	0.783	2
13	Jump	WA	3	1500	4.8	22	32	0	0	2.397	2
13	Slalom	WB	1	1500	0	25	40	0	8	2.005	2
13	Trick	WB	2	15000	0	200	600	0	0	1.000	2
13	Jump	WB	3	1500	4.8	22	32	0	0	2.397	2
13	Slalom	OM	1	1500	0	82.5	122	0	8	2.803	3
13	Trick	OM	2	15000	0	980	12090	0	0	0.437	3
13	Jump	OM	3	1500	37.05	101	247	0	0	0.924	3
13	Slalom	OW	1	1500	0	61	110	0	8	1.832	3
13	Trick	OW	2	15000	0	830	8990	0	0	0.461	3
13	Jump	OW	3	1500	26.4	66	176	0	0	0.827	3
13	Slalom	MM	1	1500	0	89	112.25	0	8	4.726	3
13	Trick	MM	2	15000	0	1250	11570	0	0	0.494	3
13	Jump	MM	3	1500	32.25	117	215	0	0	1.430	3
13	Slalom	NM	1	1500	0	77.5	121	0	8	2.456	3
13	Trick	NM	2	15000	0	900	11070	0	0	0.438	3
13	Jump	NM	3	1500	31.35	79	209	0	0	0.835	3
13	Slalom	NW	1	1500	0	56	109	0	8	1.615	3
13	Trick	NW	2	15000	0	660	8930	0	0	0.422	3
13	Jump	NW	3	1500	23.25	55	155	0	0	0.772	3
13	Slalom	CM	1	1500	0	77.5	121	0	8	2.456	3
13	Trick	CM	2	15000	0	900	11070	0	0	0.438	3
13	Jump	CM	3	1500	31.35	79	209	0	0	0.835	3
13	Slalom	CW	1	1500	0	56	109	0	8	1.615	3
13	Trick	CW	2	15000	0	660	8930	0	0	0.422	3
13	Jump	CW	3	1500	23.25	55	155	0	0	0.772	3
13	Slalom	BM	1	1500	0	77.5	121	0	8	2.456	3
13	Trick	BM	2	15000	0	900	11070	0	0	0.438	3
13	Jump	BM	3	1500	31.35	79	209	0	0	0.835	3
13	Slalom	BW	1	1500	0	56	109	0	8	1.615	3
13	Trick	BW	2	15000	0	660	8930	0	0	0.422	3
13	Jump	BW	3	1500	23.25	55	155	0	0	0.772	3
13	Slalom	IM	1	1500	0	0	74	0	0	0	3
13	Trick	IM	2	15000	0	0	12070	0	0	0	3
13	Jump	IM	3	1500	37.05	0	247	0	0	0	3
13	Slalom	IW	1	1500	0	0	67.5	0	0	0	3
13	Trick	IW	2	15000	0	0	8990	0	0	0	3
13	Jump	IW	3	1500	26.4	0	176	0	0	0	3
13	Slalom	JM	1	1500	0	0	74	0	0	0	3
13	Trick	JM	2	15000	0	0	12070	0	0	0	3
13	Jump	JM	3	1500	37.05	0	247	0	0	0	3
13	Slalom	JW	1	1500	0	0	67.5	0	0	0	3
13	Trick	JW	2	15000	0	0	8990	0	0	0	3
13	Jump	JW	3	1500	26.4	0	176	0	0	0	3
13	Slalom	IB	1	1500	0	0	67.5	0	0	0	3
13	Trick	IB	2	15000	0	0	10430	0	0	0	3
13	Jump	IB	3	1500	28.65	0	191	0	0	0	3
13	Slalom	IG	1	1500	0	0	58	0	0	0	3
13	Trick	IG	2	15000	0	0	8410	0	0	0	3
13	Jump	IG	3	1500	23.1	0	154	0	0	0	3
13	Slalom	JB	1	1500	0	0	68	0	0	0	3
13	Trick	JB	2	15000	0	0	7870	0	0	0	3
13	Jump	JB	3	1500	19.65	0	131	0	0	0	3
13	Slalom	JG	1	1500	0	0	57	0	0	0	3
13	Trick	JG	2	15000	0	0	6970	0	0	0	3
13	Jump	JG	3	1500	18	0	120	0	0	0	3
13	Slalom	S1	1	1500	0	0	69.25	0	0	0	3
13	Trick	S1	2	15000	0	0	12070	0	0	0	3
13	Jump	S1	3	1500	31.35	0	209	0	0	0	3
13	Slalom	S2	1	1500	0	0	69	0	0	0	3
13	Trick	S2	2	15000	0	0	6110	0	0	0	3
13	Jump	S2	3	1500	26.85	0	179	0	0	0	3
13	Slalom	S3	1	1500	0	0	68	0	0	0	3
13	Trick	S3	2	15000	0	0	5490	0	0	0	3
13	Jump	S3	3	1500	22.8	0	152	0	0	0	3
13	Slalom	L1	1	1500	0	0	61	0	0	0	3
13	Trick	L1	2	15000	0	0	6450	0	0	0	3
13	Jump	L1	3	1500	23.25	0	155	0	0	0	3
13	Slalom	L2	1	1500	0	0	58.5	0	0	0	3
13	Trick	L2	2	15000	0	0	5600	0	0	0	3
13	Jump	L2	3	1500	18.3	0	122	0	0	0	3
13	Slalom	L3	1	1500	0	0	56	0	0	0	3
13	Trick	L3	2	15000	0	0	5060	0	0	0	3
13	Jump	L3	3	1500	16.05	0	107	0	0	0	3
12	Slalom	B1	1	1500	0	22.5	81	0	24	0.883	2
12	Trick	B1	2	15000	0	450	4090	0	0	0.498	2
12	Jump	B1	3	1500	0	999	999	0	0	0	2
12	Slalom	B2	1	1500	0	58.5	104	0	8	1.87	3
12	Trick	B2	2	15000	0	700	7870	0	0	0.454	3
12	Jump	B2	3	1500	19.65	50	131	0	0	0.845	3
12	Slalom	B3	1	1500	0	82	115.5	0	8	3.196	3
12	Trick	B3	2	15000	0	1300	10430	0	0	0.528	3
12	Jump	B3	3	1500	28.65	86	191	0	0	1.056	3
12	Slalom	M1	1	1500	0	83.5	119	0	8	3.095	3
12	Trick	M1	2	15000	0	800	11070	0	0	0.418	3
12	Jump	M1	3	1500	31.35	88	209	0	0	0.961	3
12	Slalom	M2	1	1500	0	85	122	0	8	3.038	3
12	Trick	M2	2	15000	0	1050	11900	0	0	0.453	3
12	Jump	M2	3	1500	32.4	100	216	0	0	1.1	3
12	Slalom	M3	1	1500	0	88.5	111.25	0	8	4.792	3
12	Trick	M3	2	15000	0	1150	12070	0	0	0.467	3
12	Jump	M3	3	1500	29.7	105	198	0	0	1.366	3
12	Slalom	M4	1	1500	0	88.5	111	0	8	4.839	3
12	Trick	M4	2	15000	0	1400	10420	0	0	0.547	3
12	Jump	M4	3	1500	26.85	89	179	0	0	1.227	3
12	Slalom	M5	1	1500	0	86.5	110	0	8	4.556	3
12	Trick	M5	2	15000	0	1300	5490	0	0	0.763	3
12	Jump	M5	3	1500	22.8	73	152	0	0	1.162	3
12	Slalom	M6	1	1500	0	80.5	104.5	0	8	4.179	3
12	Trick	M6	2	15000	0	1300	3940	0	0	0.991	3
12	Jump	M6	3	1500	17.25	63	115	0	0	1.447	3
12	Slalom	M7	1	1500	0	80	95	0	8	6.323	3
12	Trick	M7	2	15000	0	1100	3750	0	0	0.896	3
12	Jump	M7	3	1500	16.8	52	112	0	0	1.104	3
12	Slalom	M8	1	1500	0	70	88.25	0	8	4.652	2
12	Trick	M8	2	15000	0	900	2450	0	0	1.097	2
12	Jump	M8	3	1500	14.1	42	94	0	0	1.044	2
12	Slalom	M9	1	1500	0	50	81.5	0	8	2.161	2
12	Trick	M9	2	15000	0	700	1740	0	0	1.207	2
12	Jump	M9	3	1500	10.8	36	72	0	0	1.238	2
12	Slalom	MA	1	1500	0	40	73.5	0	8	1.702	2
12	Trick	MA	2	15000	0	500	1600	0	0	0.945	2
12	Jump	MA	3	1500	7.05	32	47	0	0	2.334	2
12	Slalom	MB	1	1500	0	30	40	0	8	3.351	2
12	Trick	MB	2	15000	0	250	600	0	0	1.255	2
12	Jump	MB	3	1500	5.1	28	34	0	0	4.721	2
12	Slalom	G1	1	1500	0	18	79.25	0	40	0.872	2
12	Trick	G1	2	15000	0	350	4610	0	0	0.426	2
12	Jump	G1	3	1500	149.85	999	999	0	0	0	2
12	Slalom	G2	1	1500	0	52	93	0	8	1.831	3
12	Trick	G2	2	15000	0	650	6790	0	0	0.468	3
12	Jump	G2	3	1500	18	39	120	0	0	0.695	3
12	Slalom	G3	1	1500	0	75.5	100	0	8	3.865	3
12	Trick	G3	2	15000	0	1250	8410	0	0	0.576	3
12	Jump	G3	3	1500	23.1	63	154	0	0	0.925	3
12	Slalom	W1	1	1500	0	59	109	0	8	1.756	3
12	Trick	W1	2	15000	0	800	8930	0	0	0.455	3
12	Jump	W1	3	1500	23.25	55	155	0	0	0.772	3
12	Slalom	W2	1	1500	0	66.5	109.5	0	8	2.174	3
12	Trick	W2	2	15000	0	1500	8990	0	0	0.614	3
12	Jump	W2	3	1500	23.7	59	158	0	0	0.822	3
12	Slalom	W3	1	1500	0	69.5	105	0	8	2.628	3
12	Trick	W3	2	15000	0	1100	6450	0	0	0.621	3
12	Jump	W3	3	1500	23.25	55	155	0	0	0.772	3
12	Slalom	W4	1	1500	0	70	100.5	0	8	2.995	3
12	Trick	W4	2	15000	0	1200	5600	0	0	0.713	3
12	Jump	W4	3	1500	18.3	50	122	0	0	0.927	3
12	Slalom	W5	1	1500	0	69	92	0	8	3.75	3
12	Trick	W5	2	15000	0	1300	5060	0	0	0.808	3
12	Jump	W5	3	1500	16.05	48	107	0	0	1.05	3
12	Slalom	W6	1	1500	0	60	82.5	0	8	3.351	3
12	Trick	W6	2	15000	0	1100	3780	0	0	0.89	3
12	Jump	W6	3	1500	12.6	45	84	0	0	1.39	3
12	Slalom	W7	1	1500	0	56	80	0	8	2.977	3
12	Trick	W7	2	15000	0	900	3330	0	0	0.84	3
12	Jump	W7	3	1500	10.35	40	69	0	0	1.611	3
12	Slalom	W8	1	1500	0	52	75.5	0	8	2.828	2
12	Trick	W8	2	15000	0	700	2270	0	0	0.934	2
12	Jump	W8	3	1500	8.55	36	57	0	0	1.934	2
12	Slalom	W9	1	1500	0	45	62	0	8	3.226	2
12	Trick	W9	2	15000	0	500	1670	0	0	0.911	2
12	Jump	W9	3	1500	6.75	32	45	0	0	2.645	2
12	Slalom	WA	1	1500	0	35	56	0	8	2.142	2
12	Trick	WA	2	15000	0	300	1220	0	0	0.783	2
12	Jump	WA	3	1500	4.8	29	32	0	0	9.401	2
12	Slalom	WB	1	1500	0	25	40	0	8	2.005	2
12	Trick	WB	2	15000	0	200	600	0	0	1	2
12	Jump	WB	3	1500	4.8	27	32	0	0	5.409	2
12	Slalom	OM	1	1500	0	85.5	122	0	8	3.089	3
12	Trick	OM	2	15000	0	1100	12070	0	0	0.459	3
12	Jump	OM	3	1500	37.05	105	247	0	0	0.974	3
12	Slalom	OW	1	1500	0	65	109.5	0	8	2.076	3
12	Trick	OW	2	15000	0	850	8990	0	0	0.466	3
12	Jump	OW	3	1500	26.4	65	176	0	0	0.811	3
12	Slalom	MM	1	1500	0	88.5	111.5	0	8	4.746	3
12	Trick	MM	2	15000	0	1350	11570	0	0	0.511	3
12	Jump	MM	3	1500	31.35	120	209	0	0	1.58	3
12	Slalom	NM	1	1500	0	0	119	0	8	3.095	3
12	Trick	NM	2	15000	0	0	11070	0	0	0.418	3
12	Jump	NM	3	1500	31.35	0	209	0	0	0.961	3
12	Slalom	NW	1	1500	0	0	109	0	8	1.756	3
12	Trick	NW	2	15000	0	0	8930	0	0	0.455	3
12	Jump	NW	3	1500	23.25	0	155	0	0	0.772	3
12	Slalom	CM	1	1500	0	0	119	0	8	3.095	3
12	Trick	CM	2	15000	0	0	11070	0	0	0.418	3
12	Jump	CM	3	1500	31.35	0	209	0	0	0.961	3
12	Slalom	CW	1	1500	0	0	109	0	8	1.756	3
12	Trick	CW	2	15000	0	0	8930	0	0	0.455	3
12	Jump	CW	3	1500	23.25	0	155	0	0	0.772	3
12	Slalom	BM	1	1500	0	0	119	0	8	3.095	3
12	Trick	BM	2	15000	0	0	11070	0	0	0.418	3
12	Jump	BM	3	1500	31.35	0	209	0	0	0.961	3
12	Slalom	BW	1	1500	0	0	109	0	8	1.756	3
12	Trick	BW	2	15000	0	0	8930	0	0	0.455	3
12	Jump	BW	3	1500	23.25	0	155	0	0	0.772	3
12	Slalom	IM	1	1500	0	0	74	0	0	0	3
12	Trick	IM	2	15000	0	0	12070	0	0	0	3
12	Jump	IM	3	1500	37.05	0	247	0	0	0	3
12	Slalom	IW	1	1500	0	0	67.5	0	0	0	3
12	Trick	IW	2	15000	0	0	8990	0	0	0	3
12	Jump	IW	3	1500	26.4	0	176	0	0	0	3
12	Slalom	JM	1	1500	0	0	74	0	0	0	3
12	Trick	JM	2	15000	0	0	12070	0	0	0	3
12	Jump	JM	3	1500	37.05	0	247	0	0	0	3
12	Slalom	JW	1	1500	0	0	67.5	0	0	0	3
12	Trick	JW	2	15000	0	0	8990	0	0	0	3
12	Jump	JW	3	1500	26.4	0	176	0	0	0	3
12	Slalom	IB	1	1500	0	0	67.5	0	0	0	3
12	Trick	IB	2	15000	0	0	10430	0	0	0	3
12	Jump	IB	3	1500	28.65	0	191	0	0	0	3
12	Slalom	IG	1	1500	0	0	58	0	0	0	3
12	Trick	IG	2	15000	0	0	8410	0	0	0	3
12	Jump	IG	3	1500	23.1	0	154	0	0	0	3
12	Slalom	JB	1	1500	0	0	68	0	0	0	3
12	Trick	JB	2	15000	0	0	7870	0	0	0	3
12	Jump	JB	3	1500	19.65	0	131	0	0	0	3
12	Slalom	JG	1	1500	0	0	57	0	0	0	3
12	Trick	JG	2	15000	0	0	6970	0	0	0	3
12	Jump	JG	3	1500	18	0	120	0	0	0	3
12	Slalom	S1	1	1500	0	0	69.25	0	0	0	3
12	Trick	S1	2	15000	0	0	12070	0	0	0	3
12	Jump	S1	3	1500	31.35	0	209	0	0	0	3
12	Slalom	S2	1	1500	0	0	69	0	0	0	3
12	Trick	S2	2	15000	0	0	6110	0	0	0	3
12	Jump	S2	3	1500	26.85	0	179	0	0	0	3
12	Slalom	S3	1	1500	0	0	68	0	0	0	3
12	Trick	S3	2	15000	0	0	5490	0	0	0	3
12	Jump	S3	3	1500	22.8	0	152	0	0	0	3
12	Slalom	L1	1	1500	0	0	61	0	0	0	3
12	Trick	L1	2	15000	0	0	6450	0	0	0	3
12	Jump	L1	3	1500	23.25	0	155	0	0	0	3
12	Slalom	L2	1	1500	0	0	58.5	0	0	0	3
12	Trick	L2	2	15000	0	0	5600	0	0	0	3
12	Jump	L2	3	1500	18.3	0	122	0	0	0	3
12	Slalom	L3	1	1500	0	0	56	0	0	0	3
12	Trick	L3	2	15000	0	0	5060	0	0	0	3
12	Jump	L3	3	1500	16.05	0	107	0	0	0	3
11	Slalom	B1	1	1500	0	23.5	81	0	24	0.919	2
11	Trick	B1	2	15000	0	250	4090	0	0	0.393	2
11	Jump	B1	3	1500	0	999	999	0	0	0	2
11	Slalom	B2	1	1500	0	56.5	104	0	8	1.76	3
11	Trick	B2	2	15000	0	600	7870	0	0	0.427	3
11	Jump	B2	3	1500	19.65	53	131	0	0	0.911	3
11	Slalom	B3	1	1500	0	82	115.5	0	8	3.196	3
11	Trick	B3	2	15000	0	1100	10430	0	0	0.488	3
11	Jump	B3	3	1500	28.65	79	191	0	0	0.938	3
11	Slalom	M1	1	1500	0	82.5	119	0	8	2.992	3
11	Trick	M1	2	15000	0	950	11070	0	0	0.447	3
11	Jump	M1	3	1500	30.9	96	206	0	0	1.11	3
11	Slalom	M2	1	1500	0	83	121.5	0	8	2.878	3
11	Trick	M2	2	15000	0	1100	11900	0	0	0.461	3
11	Jump	M2	3	1500	32.4	102	216	0	0	1.133	3
11	Slalom	M3	1	1500	0	88	111.25	0	8	4.675	3
11	Trick	M3	2	15000	0	1150	12070	0	0	0.467	3
11	Jump	M3	3	1500	26.4	103	176	0	0	1.641	3
11	Slalom	M4	1	1500	0	88	111	0	8	4.72	3
11	Trick	M4	2	15000	0	1200	10420	0	0	0.508	3
11	Jump	M4	3	1500	25.35	82	169	0	0	1.181	3
11	Slalom	M5	1	1500	0	86.5	109.5	0	8	4.644	3
11	Trick	M5	2	15000	0	1550	5490	0	0	0.869	3
11	Jump	M5	3	1500	22.8	70	152	0	0	1.091	3
11	Slalom	M6	1	1500	0	76.5	104	0	8	3.543	3
11	Trick	M6	2	15000	0	1300	3940	0	0	0.991	3
11	Jump	M6	3	1500	17.25	56	115	0	0	1.187	3
11	Slalom	M7	1	1500	0	80	95	0	8	6.323	3
11	Trick	M7	2	15000	0	1100	3750	0	0	0.896	3
11	Jump	M7	3	1500	16.8	50	112	0	0	1.043	3
11	Slalom	M8	1	1500	0	69	88.25	0	8	4.377	2
11	Trick	M8	2	15000	0	900	2450	0	0	1.097	2
11	Jump	M8	3	1500	14.1	42	94	0	0	1.044	2
11	Slalom	M9	1	1500	0	50	81.5	0	8	2.161	2
11	Trick	M9	2	15000	0	700	1740	0	0	1.207	2
11	Jump	M9	3	1500	10.8	36	72	0	0	1.238	2
11	Slalom	MA	1	1500	0	40	73.5	0	8	1.702	2
11	Trick	MA	2	15000	0	500	1600	0	0	0.945	2
11	Jump	MA	3	1500	6.75	32	45	0	0	2.645	2
11	Slalom	MB	1	1500	0	30	40	0	8	3.351	2
11	Trick	MB	2	15000	0	250	600	0	0	1.255	2
11	Jump	MB	3	1500	5.1	28	34	0	0	4.721	2
11	Slalom	G1	1	1500	0	14.5	79.25	0	40	0.733	2
11	Trick	G1	2	15000	0	350	4400	0	0	0.434	2
11	Jump	G1	3	1500	149.85	999	999	0	0	0	2
11	Slalom	G2	1	1500	0	54.5	93	0	8	1.997	3
11	Trick	G2	2	15000	0	650	6790	0	0	0.468	3
11	Jump	G2	3	1500	18	40	120	0	0	0.716	3
11	Slalom	G3	1	1500	0	71.5	100	0	8	3.231	3
11	Trick	G3	2	15000	0	1050	7740	0	0	0.55	3
11	Jump	G3	3	1500	22.65	58	151	0	0	0.852	3
11	Slalom	W1	1	1500	0	61.5	109	0	8	1.887	3
11	Trick	W1	2	15000	0	800	8490	0	0	0.465	3
11	Jump	W1	3	1500	23.25	53	155	0	0	0.738	3
11	Slalom	W2	1	1500	0	68	109	0	8	2.299	3
11	Trick	W2	2	15000	0	1500	8740	0	0	0.623	3
11	Jump	W2	3	1500	23.7	72	158	0	0	1.074	3
11	Slalom	W3	1	1500	0	71.5	105	0	8	2.825	3
11	Trick	W3	2	15000	0	1100	6330	0	0	0.628	3
11	Jump	W3	3	1500	23.25	61	155	0	0	0.879	3
11	Slalom	W4	1	1500	0	69.5	100.5	0	8	2.935	3
11	Trick	W4	2	15000	0	1200	5600	0	0	0.713	3
11	Jump	W4	3	1500	18.3	53	122	0	0	1.004	3
11	Slalom	W5	1	1500	0	71	92	0	8	4.169	3
11	Trick	W5	2	15000	0	1450	5060	0	0	0.879	3
11	Jump	W5	3	1500	16.05	48	107	0	0	1.05	3
11	Slalom	W6	1	1500	0	64	82.5	0	8	4.215	3
11	Trick	W6	2	15000	0	1100	3780	0	0	0.89	3
11	Jump	W6	3	1500	12.6	54	84	0	0	2.016	3
11	Slalom	W7	1	1500	0	60	80	0	8	3.704	3
11	Trick	W7	2	15000	0	900	3330	0	0	0.84	3
11	Jump	W7	3	1500	10.35	40	69	0	0	1.611	3
11	Slalom	W8	1	1500	0	55	75.5	0	8	3.339	2
11	Trick	W8	2	15000	0	700	2270	0	0	0.934	2
11	Jump	W8	3	1500	8.55	36	57	0	0	1.934	2
11	Slalom	W9	1	1500	0	50	62	0	8	4.839	2
11	Trick	W9	2	15000	0	500	1670	0	0	0.911	2
11	Jump	W9	3	1500	6.75	32	45	0	0	2.645	2
11	Slalom	WA	1	1500	0	40	56	0	8	3.026	2
11	Trick	WA	2	15000	0	300	1220	0	0	0.783	2
11	Jump	WA	3	1500	4.8	29	32	0	0	9.401	2
11	Slalom	WB	1	1500	0	30	40	0	8	3.351	2
11	Trick	WB	2	15000	0	200	600	0	0	1	2
11	Jump	WB	3	1500	4.8	27	32	0	0	5.409	2
11	Slalom	OM	1	1500	0	83	121.5	0	8	2.878	3
11	Trick	OM	2	15000	0	1100	12070	0	0	0.459	3
11	Jump	OM	3	1500	37.05	102	247	0	0	0.936	3
11	Slalom	OW	1	1500	0	68	109	0	8	2.299	3
11	Trick	OW	2	15000	0	1500	8740	0	0	0.623	3
11	Jump	OW	3	1500	26.4	72	176	0	0	0.925	3
11	Slalom	MM	1	1500	0	88	111.5	0	8	4.631	3
11	Trick	MM	2	15000	0	1200	10720	0	0	0.502	3
11	Jump	MM	3	1500	29.55	103	197	0	0	1.333	3
11	Slalom	MW	1	1500	0	0	0	0	8	0	3
11	Trick	MW	2	15000	0	0	0	0	0	0	3
11	Jump	MW	3	1500	0	0	0	0	0	0	3
11	Slalom	NM	1	1500	0	82.5	119	0	8	2.992	3
11	Trick	NM	2	15000	0	950	11070	0	0	0.447	3
11	Jump	NM	3	1500	30.9	96	206	0	0	1.11	3
11	Slalom	NW	1	1500	0	61.5	109	0	8	1.887	3
11	Trick	NW	2	15000	0	800	8490	0	0	0.465	3
11	Jump	NW	3	1500	23.25	53	155	0	0	0.738	3
11	Slalom	CM	1	1500	0	82.5	119	0	8	2.992	3
11	Trick	CM	2	15000	0	950	11070	0	0	0.447	3
11	Jump	CM	3	1500	30.9	96	206	0	0	1.11	3
11	Slalom	CW	1	1500	0	61.5	109	0	8	1.887	3
11	Trick	CW	2	15000	0	800	8490	0	0	0.465	3
11	Jump	CW	3	1500	23.25	53	155	0	0	0.738	3
11	Slalom	BM	1	1500	0	82.5	119	0	8	2.992	3
11	Trick	BM	2	15000	0	950	11070	0	0	0.447	3
11	Jump	BM	3	1500	30.9	96	206	0	0	1.11	3
11	Slalom	BW	1	1500	0	61.5	109	0	8	1.887	3
11	Trick	BW	2	15000	0	800	8490	0	0	0.465	3
11	Jump	BW	3	1500	23.25	53	155	0	0	0.738	3
11	Slalom	IM	1	1500	0	0	0	0	8	0	3
11	Trick	IM	2	15000	0	0	0	0	0	0	3
11	Jump	IM	3	1500	0	0	0	0	0	0	3
11	Slalom	IW	1	1500	0	0	0	0	8	0	3
11	Trick	IW	2	15000	0	0	0	0	0	0	3
11	Jump	IW	3	1500	0	0	0	0	0	0	3
11	Slalom	JM	1	1500	0	0	0	0	8	0	3
11	Trick	JM	2	15000	0	0	0	0	0	0	3
11	Jump	JM	3	1500	0	0	0	0	0	0	3
11	Slalom	JW	1	1500	0	0	0	0	8	0	3
11	Trick	JW	2	15000	0	0	0	0	0	0	3
11	Jump	JW	3	1500	0	0	0	0	0	0	3
11	Slalom	IB	1	1500	0	0	0	0	8	0	3
11	Trick	IB	2	15000	0	0	0	0	0	0	3
11	Jump	IB	3	1500	0	0	0	0	0	0	3
11	Slalom	IG	1	1500	0	0	0	0	8	0	3
11	Trick	IG	2	15000	0	0	0	0	0	0	3
11	Jump	IG	3	1500	0	0	0	0	0	0	3
11	Slalom	JB	1	1500	0	0	68	0	0	0	3
11	Trick	JB	2	900	0	0	7870	0	0	0	3
11	Jump	JB	3	700	0	0	131	0	0	0	3
11	Slalom	JG	1	1500	0	0	57	0	0	0	3
11	Trick	JG	2	900	0	0	6970	0	0	0	3
11	Jump	JG	3	700	0	0	120	0	0	0	3
11	Slalom	S1	1	1500	0	0	0	0	8	0	3
11	Trick	S1	2	15000	0	0	0	0	0	0	3
11	Jump	S1	3	1500	0	0	0	0	0	0	3
11	Slalom	S2	1	1500	0	0	0	0	8	0	3
11	Trick	S2	2	15000	0	0	0	0	0	0	3
11	Jump	S2	3	1500	0	0	0	0	0	0	3
11	Slalom	S3	1	1500	0	0	0	0	8	0	3
11	Trick	S3	2	15000	0	0	0	0	0	0	3
11	Jump	S3	3	1500	0	0	0	0	0	0	3
11	Slalom	L1	1	1500	0	0	0	0	8	0	3
11	Trick	L1	2	15000	0	0	0	0	0	0	3
11	Jump	L1	3	1500	0	0	0	0	0	0	3
11	Slalom	L2	1	1500	0	0	0	0	8	0	3
11	Trick	L2	2	15000	0	0	0	0	0	0	3
11	Jump	L2	3	1500	0	0	0	0	0	0	3
11	Slalom	L3	1	1500	0	0	0	0	8	0	3
11	Trick	L3	2	15000	0	0	0	0	0	0	3
11	Jump	L3	3	1500	0	0	0	0	0	0	3
10	Slalom	B1	1	1500	0	20	81	0	24	0.797	2
10	Trick	B1	2	15000	0	350	4090	0	0	0.447	2
10	Jump	B1	3	1500	0	999	999	0	0	0	2
10	Slalom	B2	1	1500	0	59	104	0	8	1.899	3
10	Trick	B2	2	15000	0	650	7870	0	0	0.441	3
10	Jump	B2	3	1500	19.65	54	131	0	0	0.934	3
10	Slalom	B3	1	1500	0	81	115.5	0	8	3.084	3
10	Trick	B3	2	15000	0	1100	10350	0	0	0.49	3
10	Jump	B3	3	1500	28.65	92	191	0	0	1.167	3
10	Slalom	M1	1	1500	0	83	119	0	8	3.042	3
10	Trick	M1	2	15000	0	900	11070	0	0	0.438	3
10	Jump	M1	3	1500	30.9	98	206	0	0	1.145	3
10	Slalom	M2	1	1500	0	85.5	121.5	0	8	3.124	3
10	Trick	M2	2	15000	0	1200	11900	0	0	0.479	3
10	Jump	M2	3	1500	32.4	109	216	0	0	1.257	3
10	Slalom	M3	1	1500	0	88	111.25	0	8	4.675	3
10	Trick	M3	2	15000	0	1450	12070	0	0	0.518	3
10	Jump	M3	3	1500	26.4	96	176	0	0	1.436	3
10	Slalom	M4	1	1500	0	88.5	111	0	8	4.839	3
10	Trick	M4	2	15000	0	1300	6110	0	0	0.71	3
10	Jump	M4	3	1500	25.35	88	169	0	0	1.324	3
10	Slalom	M5	1	1500	0	86	109.5	0	8	4.531	3
10	Trick	M5	2	15000	0	1650	5490	0	0	0.914	3
10	Jump	M5	3	1500	22.8	86	152	0	0	1.536	3
10	Slalom	M6	1	1500	0	80	103	0	8	4.312	3
10	Trick	M6	2	15000	0	1450	3940	0	0	1.099	3
10	Jump	M6	3	1500	17.25	63	115	0	0	1.447	3
10	Slalom	M7	1	1500	0	77.5	95	0	8	5.33	3
10	Trick	M7	2	15000	0	1200	3750	0	0	0.964	3
10	Jump	M7	3	1500	16.8	52	112	0	0	1.104	3
10	Slalom	M8	1	1500	0	68	88.25	0	8	4.129	2
10	Trick	M8	2	15000	0	1000	2450	0	0	1.226	2
10	Jump	M8	3	1500	14.1	42	94	0	0	1.044	2
10	Slalom	M9	1	1500	0	50	81.5	0	8	2.161	2
10	Trick	M9	2	15000	0	750	1740	0	0	1.305	2
10	Jump	M9	3	1500	10.8	36	72	0	0	1.238	2
10	Slalom	MA	1	1500	0	40	73.5	0	8	1.702	2
10	Trick	MA	2	15000	0	500	1600	0	0	0.945	2
10	Jump	MA	3	1500	6.6	32	44	0	0	2.839	2
10	Slalom	MB	1	1500	0	30	40	0	8	3.351	2
10	Trick	MB	2	15000	0	250	600	0	0	1.255	2
10	Jump	MB	3	1500	5.1	28	34	0	0	4.721	2
10	Slalom	G1	1	1500	0	12	79.25	0	40	0.631	2
10	Trick	G1	2	15000	0	200	4400	0	0	0.355	2
10	Jump	G1	3	1500	149.85	999	999	0	0	0	2
10	Slalom	G2	1	1500	0	54	93	0	8	1.962	3
10	Trick	G2	2	15000	0	600	6790	0	0	0.453	3
10	Jump	G2	3	1500	18	47	120	0	0	0.874	3
10	Slalom	G3	1	1500	0	65.5	100	0	8	2.552	3
10	Trick	G3	2	15000	0	1050	7740	0	0	0.55	3
10	Jump	G3	3	1500	22.65	61	151	0	0	0.909	3
10	Slalom	W1	1	1500	0	59.5	105	0	8	1.896	3
10	Trick	W1	2	15000	0	600	8490	0	0	0.415	3
10	Jump	W1	3	1500	23.25	55	155	0	0	0.772	3
10	Slalom	W2	1	1500	0	68	109	0	8	2.299	3
10	Trick	W2	2	15000	0	1550	8740	0	0	0.635	3
10	Jump	W2	3	1500	23.7	71	158	0	0	1.053	3
10	Slalom	W3	1	1500	0	70.5	103	0	8	2.86	3
10	Trick	W3	2	15000	0	1200	6280	0	0	0.664	3
10	Jump	W3	3	1500	23.25	73	155	0	0	1.128	3
10	Slalom	W4	1	1500	0	75	99	0	8	3.91	3
10	Trick	W4	2	15000	0	1100	5600	0	0	0.675	3
10	Jump	W4	3	1500	18.3	52	122	0	0	0.977	3
10	Slalom	W5	1	1500	0	67.5	92	0	8	3.48	3
10	Trick	W5	2	15000	0	1350	5060	0	0	0.831	3
10	Jump	W5	3	1500	16.05	49	107	0	0	1.082	3
10	Slalom	W6	1	1500	0	64	82.5	0	8	4.215	3
10	Trick	W6	2	15000	0	1100	3780	0	0	0.89	3
10	Jump	W6	3	1500	12.6	44	84	0	0	1.337	3
10	Slalom	W7	1	1500	0	60	80	0	8	3.704	3
10	Trick	W7	2	15000	0	900	3330	0	0	0.84	3
10	Jump	W7	3	1500	10.35	40	69	0	0	1.611	3
10	Slalom	W8	1	1500	0	55	75.5	0	8	3.339	2
10	Trick	W8	2	15000	0	700	2270	0	0	0.934	2
10	Jump	W8	3	1500	8.55	36	57	0	0	1.934	2
10	Slalom	W9	1	1500	0	50	62	0	8	4.839	2
10	Trick	W9	2	15000	0	500	1670	0	0	0.911	2
10	Jump	W9	3	1500	6.75	32	45	0	0	2.645	2
10	Slalom	WA	1	1500	0	40	56	0	8	3.026	2
10	Trick	WA	2	15000	0	300	1010	0	0	0.905	2
10	Jump	WA	3	1500	4.8	29	32	0	0	9.401	2
10	Slalom	WB	1	1500	0	30	40	0	8	3.351	2
10	Trick	WB	2	15000	0	200	500	0	0	1.199	2
10	Jump	WB	3	1500	4.8	27	32	0	0	5.409	2
10	Slalom	OM	1	1500	0	85.5	121.5	0	8	3.124	3
10	Trick	OM	2	15000	0	1200	12070	0	0	0.476	3
10	Jump	OM	3	1500	37.05	109	247	0	0	1.026	3
10	Slalom	OW	1	1500	0	68	109	0	8	2.299	3
10	Trick	OW	2	15000	0	1550	8740	0	0	0.635	3
10	Jump	OW	3	1500	26.4	71	176	0	0	0.908	3
10	Slalom	MM	1	1500	0	88.5	111.25	0	8	4.792	3
10	Trick	MM	2	15000	0	1450	12070	0	0	0.518	3
10	Jump	MM	3	1500	26.4	96	176	0	0	1.436	3
10	Slalom	MW	1	1500	0	70.5	103	0	8	2.86	3
10	Trick	MW	2	15000	0	1200	6280	0	0	0.664	3
10	Jump	MW	3	1500	23.25	73	155	0	0	1.128	3
10	Slalom	NM	1	1500	0	83	119	0	8	3.042	3
10	Trick	NM	2	15000	0	900	11070	0	0	0.438	3
10	Jump	NM	3	1500	30.9	98	206	0	0	1.145	3
10	Slalom	NW	1	1500	0	59.5	105	0	8	1.896	3
10	Trick	NW	2	15000	0	600	8490	0	0	0.415	3
10	Jump	NW	3	1500	23.25	55	155	0	0	0.772	3
10	Slalom	CM	1	1500	0	83	119	0	8	3.042	3
10	Trick	CM	2	15000	0	900	6820	0	0	0.438	3
10	Jump	CM	3	1500	28.95	98	193	0	0	1.145	3
10	Slalom	CW	1	1500	0	59.5	105	0	8	1.896	3
10	Trick	CW	2	15000	0	600	4530	0	0	0.415	3
10	Jump	CW	3	1500	23.1	55	154	0	0	0.772	3
10	Slalom	BM	1	1500	0	83	119	0	8	3.042	3
10	Trick	BM	2	15000	0	900	6820	0	0	0.438	3
10	Jump	BM	3	1500	28.95	98	193	0	0	1.145	3
10	Slalom	BW	1	1500	0	59.5	105	0	8	1.896	3
10	Trick	BW	2	15000	0	600	4530	0	0	0.415	3
10	Jump	BW	3	1500	23.1	55	154	0	0	0.772	3
10	Slalom	IM	1	1500	0	0	0	0	0	0	3
10	Trick	IM	2	15000	0	0	0	0	0	0	3
10	Jump	IM	3	1500	0	0	0	0	0	0	3
10	Slalom	IW	1	1500	0	0	0	0	0	0	3
10	Trick	IW	2	15000	0	0	0	0	0	0	3
10	Jump	IW	3	1500	0	0	0	0	0	0	3
10	Slalom	JB	1	1500	0	0	0	0	0	0	3
10	Trick	JB	2	15000	0	0	0	0	0	0	3
10	Jump	JB	3	1500	0	0	0	0	0	0	3
10	Slalom	JG	1	1500	0	0	0	0	0	0	3
10	Trick	JG	2	15000	0	0	0	0	0	0	3
10	Jump	JG	3	1500	0	0	0	0	0	0	3
10	Slalom	IB	1	1500	0	0	0	0	0	0	3
10	Trick	IB	2	15000	0	0	0	0	0	0	3
10	Jump	IB	3	1500	0	0	0	0	0	0	3
10	Slalom	IG	1	1500	0	0	0	0	0	0	3
10	Trick	IG	2	15000	0	0	0	0	0	0	3
10	Jump	IG	3	1500	0	0	0	0	0	0	3
10	Slalom	S1	1	1500	0	0	0	0	0	0	3
10	Trick	S1	2	15000	0	0	0	0	0	0	3
10	Jump	S1	3	1500	0	0	0	0	0	0	3
10	Slalom	S2	1	1500	0	0	0	0	0	0	3
10	Trick	S2	2	15000	0	0	0	0	0	0	3
10	Jump	S2	3	1500	0	0	0	0	0	0	3
10	Slalom	S3	1	1500	0	0	0	0	0	0	3
10	Trick	S3	2	15000	0	0	0	0	0	0	3
10	Jump	S3	3	1500	0	0	0	0	0	0	3
10	Slalom	L1	1	1500	0	0	0	0	0	0	3
10	Trick	L1	2	15000	0	0	0	0	0	0	3
10	Jump	L1	3	1500	0	0	0	0	0	0	3
10	Slalom	L2	1	1500	0	0	0	0	0	0	3
10	Trick	L2	2	15000	0	0	0	0	0	0	3
10	Jump	L2	3	1500	0	0	0	0	0	0	3
10	Slalom	L3	1	1500	0	0	0	0	0	0	3
10	Trick	L3	2	15000	0	0	0	0	0	0	3
10	Jump	L3	3	1500	0	0	0	0	0	0	3
